14 0.23076923076923078 0.5793269230769231 0.36538461538461536 0.4230769230769231
14 0.4579326923076923 0.47115384615384615 0.23557692307692307 0.2860576923076923
14 0.7283653846153846 0.3858173076923077 0.27884615384615385 0.18990384615384615
14 0.6814903846153846 0.7427884615384616 0.30288461538461536 0.5120192307692307
14 0.35697115384615385 0.22355769230769232 0.18028846153846154 0.15865384615384615
14 0.4387019230769231 0.12740384615384615 0.16346153846153846 0.19951923076923078
14 0.5336538461538461 0.22235576923076922 0.16826923076923078 0.10576923076923077
14 0.40865384615384615 0.7331730769230769 0.19230769230769232 0.3581730769230769
14 0.8774038461538461 0.6814903846153846 0.15625 0.2283653846153846
14 0.96875 0.6670673076923077 0.06009615384615385 0.09615384615384616
14 0.6670673076923077 0.30528846153846156 0.12980769230769232 0.11538461538461539