8 0.33052884615384615 0.6153846153846154 0.18990384615384615 0.7668269230769231
8 0.5769230769230769 0.35096153846153844 0.2764423076923077 0.6009615384615384
8 0.7764423076923077 0.5721153846153846 0.2620192307692308 0.3004807692307692
8 0.8846153846153846 0.3161057692307692 0.13221153846153846 0.5456730769230769
8 0.22956730769230768 0.5709134615384616 0.15384615384615385 0.7956730769230769
8 0.49278846153846156 0.32211538461538464 0.1201923076923077 0.6105769230769231
8 0.07211538461538461 0.5 0.11778846153846154 0.9975961538461539
8 0.5865384615384616 0.8665865384615384 0.2980769230769231 0.2644230769230769
8 0.7776442307692307 0.9050480769230769 0.1971153846153846 0.14423076923076922
8 0.39663461538461536 0.7560096153846154 0.08173076923076923 0.4855769230769231
8 0.35697115384615385 0.23918269230769232 0.08653846153846154 0.47115384615384615
8 0.9483173076923077 0.6766826923076923 0.0985576923076923 0.3798076923076923
8 0.7680288461538461 0.3954326923076923 0.10817307692307693 0.3389423076923077
8 0.7740384615384616 0.25961538461538464 0.13701923076923078 0.43509615384615385