21 0.8293269230769231 0.19110576923076922 0.07692307692307693 0.0673076923076923
21 0.8293269230769231 0.09735576923076923 0.09134615384615384 0.04326923076923077
21 0.6442307692307693 0.16466346153846154 0.07932692307692307 0.026442307692307692
21 0.2980769230769231 0.1466346153846154 0.0625 0.040865384615384616
21 0.3449519230769231 0.17067307692307693 0.07932692307692307 0.038461538461538464
21 0.5793269230769231 0.5252403846153846 0.09134615384615384 0.026442307692307692
21 0.5012019230769231 0.546875 0.07211538461538461 0.028846153846153848
21 0.5540865384615384 0.33533653846153844 0.04567307692307692 0.038461538461538464
21 0.7487980769230769 0.3137019230769231 0.08413461538461539 0.028846153846153848
21 0.3485576923076923 0.2091346153846154 0.07932692307692307 0.021634615384615384
21 0.6526442307692307 0.23677884615384615 0.04567307692307692 0.03125
21 0.9326923076923077 0.2764423076923077 0.04807692307692308 0.052884615384615384
21 0.9074519230769231 0.203125 0.0625 0.036057692307692304
21 0.9122596153846154 0.09375 0.052884615384615384 0.036057692307692304
21 0.24278846153846154 0.078125 0.040865384615384616 0.055288461538461536
21 0.3401442307692308 0.08774038461538461 0.0625 0.05048076923076923
21 0.5360576923076923 0.10096153846153846 0.052884615384615384 0.040865384615384616
21 0.2608173076923077 0.36899038461538464 0.0673076923076923 0.028846153846153848
21 0.29447115384615385 0.27403846153846156 0.07211538461538461 0.055288461538461536
21 0.38341346153846156 0.2860576923076923 0.07211538461538461 0.03125
21 0.35336538461538464 0.2536057692307692 0.06490384615384616 0.052884615384615384
21 0.6177884615384616 0.29927884615384615 0.057692307692307696 0.03365384615384615
21 0.8689903846153846 0.5925480769230769 0.11538461538461539 0.038461538461538464
21 0.8689903846153846 0.5492788461538461 0.07451923076923077 0.038461538461538464
21 0.8449519230769231 0.484375 0.09375 0.036057692307692304
21 0.8689903846153846 0.4206730769230769 0.09615384615384616 0.055288461538461536
21 0.7668269230769231 0.3737980769230769 0.0673076923076923 0.06009615384615385
21 0.7151442307692307 0.4110576923076923 0.08653846153846154 0.03125
21 0.16105769230769232 0.5180288461538461 0.04567307692307692 0.07451923076923077
21 0.33052884615384615 0.5444711538461539 0.11298076923076923 0.05048076923076923
21 0.36899038461538464 0.5709134615384616 0.10336538461538461 0.04567307692307692
21 0.4014423076923077 0.4807692307692308 0.10817307692307693 0.040865384615384616
21 0.2644230769230769 0.47716346153846156 0.12259615384615384 0.052884615384615384
21 0.4230769230769231 0.4110576923076923 0.05048076923076923 0.040865384615384616
21 0.3798076923076923 0.3858173076923077 0.040865384615384616 0.04567307692307692
21 0.4326923076923077 0.3401442307692308 0.0673076923076923 0.026442307692307692
21 0.49278846153846156 0.3245192307692308 0.04807692307692308 0.04567307692307692
21 0.4735576923076923 0.36538461538461536 0.057692307692307696 0.03365384615384615
21 0.5264423076923077 0.4423076923076923 0.08413461538461539 0.036057692307692304
21 0.6045673076923077 0.43149038461538464 0.0625 0.040865384615384616
21 0.6310096153846154 0.46274038461538464 0.08173076923076923 0.03365384615384615
21 0.5384615384615384 0.4735576923076923 0.10817307692307693 0.028846153846153848