21 0.8545673076923077 0.49399038461538464 0.0889423076923077 0.0889423076923077
21 0.6850961538461539 0.47596153846153844 0.08413461538461539 0.08413461538461539
21 0.6201923076923077 0.46634615384615385 0.036057692307692304 0.09134615384615384
21 0.25841346153846156 0.4987980769230769 0.04807692307692308 0.11298076923076923
21 0.3293269230769231 0.5 0.06009615384615385 0.08653846153846154
21 0.41947115384615385 0.5360576923076923 0.06971153846153846 0.06971153846153846
21 0.4723557692307692 0.4110576923076923 0.052884615384615384 0.09615384615384616
21 0.5420673076923077 0.47475961538461536 0.06490384615384616 0.0625
21 0.12379807692307693 0.1971153846153846 0.1778846153846154 0.2644230769230769
21 0.27884615384615385 0.31009615384615385 0.11538461538461539 0.18028846153846154
21 0.8942307692307693 0.4483173076923077 0.125 0.2692307692307692
21 0.9086538461538461 0.12860576923076922 0.1778846153846154 0.2548076923076923
21 0.6586538461538461 0.10576923076923077 0.1778846153846154 0.2091346153846154
21 0.29086538461538464 0.12139423076923077 0.2644230769230769 0.2403846153846154
21 0.32091346153846156 0.765625 0.11057692307692307 0.16105769230769232
21 0.13942307692307693 0.6838942307692307 0.2764423076923077 0.25721153846153844
21 0.6646634615384616 0.21634615384615385 0.31490384615384615 0.17307692307692307
21 0.7079326923076923 0.36177884615384615 0.125 0.1875
21 0.8401442307692307 0.7367788461538461 0.1466346153846154 0.29086538461538464
21 0.7427884615384616 0.6911057692307693 0.11057692307692307 0.28125
21 0.4855769230769231 0.6959134615384616 0.15625 0.18990384615384615
21 0.4098557692307692 0.7704326923076923 0.2091346153846154 0.31009615384615385
21 0.5721153846153846 0.6550480769230769 0.17307692307692307 0.2692307692307692