21 0.7043269230769231 0.9362980769230769 0.0889423076923077 0.125
21 0.6129807692307693 0.9146634615384616 0.12259615384615384 0.16826923076923078
21 0.24759615384615385 0.9375 0.07451923076923077 0.12259615384615384
21 0.5216346153846154 0.4963942307692308 0.0673076923076923 0.17067307692307693
21 0.4639423076923077 0.6622596153846154 0.08413461538461539 0.10096153846153846
21 0.10576923076923077 0.4879807692307692 0.0625 0.07692307692307693
21 0.16346153846153846 0.6057692307692307 0.12980769230769232 0.14903846153846154
21 0.5841346153846154 0.6694711538461539 0.07211538461538461 0.07692307692307693
21 0.65625 0.20072115384615385 0.0625 0.21153846153846154
21 0.7632211538461539 0.12620192307692307 0.06971153846153846 0.19951923076923078
21 0.8629807692307693 0.22355769230769232 0.07211538461538461 0.18990384615384615
21 0.9555288461538461 0.3076923076923077 0.08653846153846154 0.1346153846153846
21 0.8701923076923077 0.4206730769230769 0.10336538461538461 0.20432692307692307
21 0.7572115384615384 0.453125 0.07692307692307693 0.1346153846153846
21 0.7271634615384616 0.6165865384615384 0.06490384615384616 0.18028846153846154
21 0.6646634615384616 0.4206730769230769 0.057692307692307696 0.11298076923076923
21 0.5877403846153846 0.390625 0.0625 0.24278846153846154
21 0.46153846153846156 0.14423076923076922 0.0889423076923077 0.20432692307692307
21 0.36538461538461536 0.10697115384615384 0.10817307692307693 0.19471153846153846
21 0.17908653846153846 0.43028846153846156 0.0673076923076923 0.11298076923076923
21 0.3173076923076923 0.43990384615384615 0.09615384615384616 0.17067307692307693
21 0.3918269230769231 0.42908653846153844 0.07211538461538461 0.18269230769230768
21 0.421875 0.3233173076923077 0.04326923076923077 0.2283653846153846
21 0.4579326923076923 0.37740384615384615 0.052884615384615384 0.18509615384615385
21 0.43028846153846156 0.5384615384615384 0.07451923076923077 0.15384615384615385