21 0.5348557692307693 0.6538461538461539 0.15144230769230768 0.1346153846153846
21 0.5841346153846154 0.5552884615384616 0.04567307692307692 0.08653846153846154
21 0.12980769230769232 0.9483173076923077 0.036057692307692304 0.08653846153846154
21 0.14423076923076922 0.828125 0.04567307692307692 0.09375
21 0.18028846153846154 0.8449519230769231 0.038461538461538464 0.06490384615384616
21 0.40625 0.47596153846153844 0.057692307692307696 0.055288461538461536
21 0.40024038461538464 0.5817307692307693 0.0673076923076923 0.10576923076923077
21 0.6754807692307693 0.6466346153846154 0.08413461538461539 0.07692307692307693
21 0.9242788461538461 0.5264423076923077 0.14903846153846154 0.10576923076923077
21 0.8209134615384616 0.5600961538461539 0.055288461538461536 0.09375
21 0.6213942307692307 0.3485576923076923 0.05048076923076923 0.1201923076923077
21 0.6598557692307693 0.5324519230769231 0.0673076923076923 0.125
21 0.7235576923076923 0.5600961538461539 0.04807692307692308 0.09134615384615384
21 0.24759615384615385 0.6814903846153846 0.05048076923076923 0.08413461538461539
21 0.3088942307692308 0.7019230769230769 0.06971153846153846 0.1201923076923077
21 0.1971153846153846 0.75 0.038461538461538464 0.09134615384615384
21 0.2512019230769231 0.8461538461538461 0.040865384615384616 0.09134615384615384
21 0.24879807692307693 0.49399038461538464 0.06490384615384616 0.06490384615384616
21 0.5528846153846154 0.40625 0.0673076923076923 0.1658653846153846
21 0.7560096153846154 0.38341346153846156 0.04807692307692308 0.16105769230769232
21 0.5384615384615384 0.7908653846153846 0.13942307692307693 0.10096153846153846
21 0.6778846153846154 0.8942307692307693 0.11298076923076923 0.13221153846153846
21 0.46033653846153844 0.6887019230769231 0.052884615384615384 0.08653846153846154
21 0.39302884615384615 0.6754807692307693 0.0673076923076923 0.09134615384615384
21 0.22355769230769232 0.6105769230769231 0.06490384615384616 0.09134615384615384
21 0.25240384615384615 0.38822115384615385 0.0673076923076923 0.10336538461538461
21 0.28846153846153844 0.3245192307692308 0.07451923076923077 0.12980769230769232
21 0.0829326923076923 0.5396634615384616 0.1201923076923077 0.19951923076923078
21 0.052884615384615384 0.7644230769230769 0.10336538461538461 0.18028846153846154
21 0.3485576923076923 0.9278846153846154 0.1658653846153846 0.125
21 0.3942307692307692 0.8112980769230769 0.14903846153846154 0.15625
21 0.41466346153846156 0.7836538461538461 0.06971153846153846 0.10817307692307693