21 0.19471153846153846 0.20192307692307693 0.055288461538461536 0.10096153846153846
21 0.14182692307692307 0.28125 0.055288461538461536 0.0673076923076923
21 0.3329326923076923 0.7211538461538461 0.12980769230769232 0.1201923076923077
21 0.1466346153846154 0.7704326923076923 0.18269230769230768 0.13942307692307693
21 0.09975961538461539 0.6009615384615384 0.07451923076923077 0.06971153846153846
21 0.1141826923076923 0.4879807692307692 0.057692307692307696 0.06490384615384616
21 0.08774038461538461 0.5504807692307693 0.04326923076923077 0.05048076923076923
21 0.3581730769230769 0.5 0.08653846153846154 0.14182692307692307
21 0.5612980769230769 0.0673076923076923 0.0625 0.13221153846153846
21 0.4855769230769231 0.5096153846153846 0.07451923076923077 0.06490384615384616
21 0.08413461538461539 0.390625 0.06490384615384616 0.10096153846153846
21 0.2512019230769231 0.5564903846153846 0.05048076923076923 0.08173076923076923
21 0.46153846153846156 0.6826923076923077 0.07211538461538461 0.11057692307692307
21 0.5637019230769231 0.36177884615384615 0.11057692307692307 0.08173076923076923
21 0.5588942307692307 0.2956730769230769 0.0625 0.05048076923076923
21 0.5997596153846154 0.18990384615384615 0.12980769230769232 0.09134615384615384
21 0.4050480769230769 0.27283653846153844 0.06490384615384616 0.06490384615384616
21 0.36177884615384615 0.32211538461538464 0.06009615384615385 0.07692307692307693
21 0.4338942307692308 0.3449519230769231 0.09615384615384616 0.09134615384615384