1 0.27884615384615385 0.7884615384615384 0.22115384615384615 0.4182692307692308
1 0.47596153846153844 0.21153846153846154 0.24519230769230768 0.3557692307692308
1 0.8257211538461539 0.3269230769230769 0.20673076923076922 0.2283653846153846
1 0.8317307692307693 0.5865384615384616 0.21153846153846154 0.19230769230769232
1 0.765625 0.7115384615384616 0.19471153846153846 0.20673076923076922
1 0.6021634615384616 0.8882211538461539 0.15384615384615385 0.22115384615384615
1 0.9435096153846154 0.8305288461538461 0.11057692307692307 0.28846153846153844
1 0.11177884615384616 0.4495192307692308 0.22115384615384615 0.25721153846153844
1 0.21514423076923078 0.49278846153846156 0.14903846153846154 0.22355769230769232
1 0.25841346153846156 0.3557692307692308 0.15144230769230768 0.13701923076923078
1 0.8016826923076923 0.171875 0.2403846153846154 0.21394230769230768
1 0.6165865384615384 0.20552884615384615 0.10336538461538461 0.2548076923076923