21 0.6057692307692307 0.7596153846153846 0.07692307692307693 0.1658653846153846
21 0.4254807692307692 0.5036057692307693 0.08653846153846154 0.1346153846153846
21 0.8413461538461539 0.8617788461538461 0.0985576923076923 0.27163461538461536
21 0.8786057692307693 0.7247596153846154 0.12980769230769232 0.08413461538461539
21 0.8100961538461539 0.5769230769230769 0.11538461538461539 0.06971153846153846
21 0.22596153846153846 0.47716346153846156 0.125 0.20192307692307693
21 0.078125 0.8425480769230769 0.1346153846153846 0.28125
21 0.20552884615384615 0.6778846153846154 0.0625 0.07932692307692307
21 0.23798076923076922 0.8052884615384616 0.08653846153846154 0.2091346153846154
21 0.30649038461538464 0.6622596153846154 0.07932692307692307 0.08173076923076923
21 0.35336538461538464 0.6322115384615384 0.10817307692307693 0.10336538461538461
21 0.4338942307692308 0.8497596153846154 0.10336538461538461 0.28125
21 0.7247596153846154 0.7848557692307693 0.10096153846153846 0.27403846153846156