3 0.453125 0.4411057692307692 0.24759615384615385 0.16105769230769232
3 0.1502403846153846 0.6526442307692307 0.22115384615384615 0.2283653846153846
3 0.3870192307692308 0.6995192307692307 0.18028846153846154 0.13701923076923078
3 0.2980769230769231 0.828125 0.21634615384615385 0.1971153846153846
3 0.6201923076923077 0.6634615384615384 0.2932692307692308 0.19230769230769232
3 0.7019230769230769 0.5733173076923077 0.18269230769230768 0.23076923076923078
3 0.21875 0.4338942307692308 0.20432692307692307 0.10336538461538461
3 0.7151442307692307 0.2127403846153846 0.2692307692307692 0.15384615384615385
3 0.09495192307692307 0.5144230769230769 0.10336538461538461 0.17067307692307693
3 0.4050480769230769 0.578125 0.14903846153846154 0.11057692307692307
3 0.7331730769230769 0.453125 0.12740384615384615 0.08413461538461539