23 0.4639423076923077 0.6442307692307693 0.0625 0.25721153846153844
23 0.27403846153846156 0.6237980769230769 0.06009615384615385 0.1466346153846154
23 0.09375 0.578125 0.057692307692307696 0.25721153846153844
23 0.3161057692307692 0.19110576923076922 0.06009615384615385 0.04326923076923077
23 0.9098557692307693 0.7391826923076923 0.10336538461538461 0.29086538461538464
23 0.9002403846153846 0.42788461538461536 0.05048076923076923 0.125
23 0.7283653846153846 0.6766826923076923 0.055288461538461536 0.1778846153846154
23 0.7115384615384616 0.7824519230769231 0.07692307692307693 0.11057692307692307
23 0.7752403846153846 0.859375 0.052884615384615384 0.1875
23 0.6838942307692307 0.484375 0.10096153846153846 0.23076923076923078
23 0.8677884615384616 0.6887019230769231 0.04807692307692308 0.18509615384615385
23 0.7415865384615384 0.39663461538461536 0.07451923076923077 0.16346153846153846
23 0.14302884615384615 0.3245192307692308 0.0625 0.125
23 0.43990384615384615 0.4483173076923077 0.06490384615384616 0.22115384615384615
23 0.3713942307692308 0.5889423076923077 0.07692307692307693 0.2091346153846154
23 0.8966346153846154 0.5564903846153846 0.12259615384615384 0.13701923076923078
23 0.609375 0.3858173076923077 0.08413461538461539 0.18990384615384615