3 0.5877403846153846 0.3088942307692308 0.11057692307692307 0.30288461538461536
3 0.7704326923076923 0.16706730769230768 0.11057692307692307 0.25961538461538464
3 0.3762019230769231 0.6766826923076923 0.07211538461538461 0.10096153846153846
3 0.41466346153846156 0.40024038461538464 0.09615384615384616 0.15384615384615385
3 0.59375 0.5204326923076923 0.08653846153846154 0.1875
3 0.6201923076923077 0.7115384615384616 0.09615384615384616 0.1971153846153846
3 0.6141826923076923 0.8737980769230769 0.07692307692307693 0.18028846153846154
3 0.6995192307692307 0.8365384615384616 0.07932692307692307 0.20673076923076922
3 0.2848557692307692 0.7716346153846154 0.0889423076923077 0.1971153846153846
3 0.48197115384615385 0.7463942307692307 0.09615384615384616 0.23317307692307693
3 0.4987980769230769 0.8954326923076923 0.10336538461538461 0.16346153846153846