4 0.734375 0.6778846153846154 0.24278846153846154 0.6081730769230769
4 0.4567307692307692 0.3449519230769231 0.2620192307692308 0.34134615384615385
4 0.3293269230769231 0.15865384615384615 0.34615384615384615 0.2620192307692308
4 0.09615384615384616 0.4026442307692308 0.1875 0.32211538461538464
4 0.296875 0.7403846153846154 0.21394230769230768 0.5120192307692307
4 0.4855769230769231 0.8269230769230769 0.1971153846153846 0.34134615384615385
4 0.5625 0.6262019230769231 0.1971153846153846 0.37259615384615385
4 0.9038461538461539 0.7860576923076923 0.1466346153846154 0.4206730769230769
4 0.8677884615384616 0.5216346153846154 0.1971153846153846 0.37259615384615385
4 0.765625 0.2608173076923077 0.18990384615384615 0.19471153846153846
4 0.5949519230769231 0.11778846153846154 0.17307692307692307 0.1201923076923077