5 0.16346153846153846 0.15745192307692307 0.09375 0.10576923076923077
5 0.171875 0.28365384615384615 0.10576923076923077 0.08413461538461539
5 0.054086538461538464 0.3425480769230769 0.09615384615384616 0.09615384615384616
5 0.14783653846153846 0.41346153846153844 0.0889423076923077 0.09375
5 0.3269230769230769 0.21394230769230768 0.0889423076923077 0.14182692307692307
5 0.46634615384615385 0.28365384615384615 0.1466346153846154 0.0889423076923077
5 0.49278846153846156 0.17307692307692307 0.125 0.125
5 0.5564903846153846 0.21754807692307693 0.14182692307692307 0.07451923076923077
5 0.3269230769230769 0.32572115384615385 0.10817307692307693 0.07932692307692307
5 0.1502403846153846 0.5048076923076923 0.08413461538461539 0.10576923076923077
5 0.24519230769230768 0.5240384615384616 0.11778846153846154 0.08173076923076923
5 0.40865384615384615 0.41466346153846156 0.11298076923076923 0.0985576923076923
5 0.375 0.48197115384615385 0.11778846153846154 0.08653846153846154
5 0.0829326923076923 0.11057692307692307 0.09134615384615384 0.10576923076923077
5 0.6394230769230769 0.4266826923076923 0.07451923076923077 0.125
5 0.7151442307692307 0.4855769230769231 0.1346153846153846 0.10817307692307693
5 0.6117788461538461 0.5240384615384616 0.07451923076923077 0.125
5 0.6574519230769231 0.6153846153846154 0.10096153846153846 0.08413461538461539
5 0.7355769230769231 0.6394230769230769 0.10817307692307693 0.10336538461538461
5 0.8377403846153846 0.640625 0.10096153846153846 0.08173076923076923
5 0.8040865384615384 0.7439903846153846 0.11778846153846154 0.10576923076923077
5 0.671875 0.7644230769230769 0.0889423076923077 0.10576923076923077
5 0.7007211538461539 0.9459134615384616 0.10576923076923077 0.10576923076923077
5 0.6081730769230769 0.9387019230769231 0.07451923076923077 0.11778846153846154
5 0.5288461538461539 0.9014423076923077 0.08173076923076923 0.1201923076923077
5 0.6538461538461539 0.8497596153846154 0.1778846153846154 0.07211538461538461
5 0.2824519230769231 0.8617788461538461 0.08653846153846154 0.06490384615384616
5 0.24278846153846154 0.9362980769230769 0.07451923076923077 0.10576923076923077
5 0.21514423076923078 0.8425480769230769 0.0889423076923077 0.0889423076923077
5 0.2608173076923077 0.7836538461538461 0.11298076923076923 0.0673076923076923
5 0.27524038461538464 0.6550480769230769 0.09615384615384616 0.15384615384615385
5 0.20072115384615385 0.6298076923076923 0.08413461538461539 0.13942307692307693
5 0.3918269230769231 0.6971153846153846 0.10096153846153846 0.0889423076923077
5 0.47716346153846156 0.5757211538461539 0.07932692307692307 0.125
5 0.5096153846153846 0.6538461538461539 0.0985576923076923 0.08653846153846154
5 0.6033653846153846 0.6875 0.0985576923076923 0.09375