5 0.5685096153846154 0.6694711538461539 0.19230769230769232 0.25240384615384615
5 0.7548076923076923 0.7560096153846154 0.32211538461538464 0.11778846153846154
5 0.11538461538461539 0.6105769230769231 0.20432692307692307 0.15625
5 0.3112980769230769 0.6177884615384616 0.15625 0.24759615384615385
5 0.3870192307692308 0.7487980769230769 0.13942307692307693 0.22596153846153846
5 0.6141826923076923 0.27403846153846156 0.1778846153846154 0.27163461538461536
5 0.7451923076923077 0.11538461538461539 0.3076923076923077 0.10576923076923077
5 0.8545673076923077 0.19110576923076922 0.27163461538461536 0.0985576923076923
5 0.7596153846153846 0.26322115384615385 0.14182692307692307 0.16826923076923078
5 0.15144230769230768 0.14783653846153846 0.18028846153846154 0.1778846153846154
5 0.36538461538461536 0.17548076923076922 0.17067307692307693 0.27884615384615385
5 0.3942307692307692 0.30528846153846156 0.1658653846153846 0.22355769230769232
5 0.20793269230769232 0.37740384615384615 0.2932692307692308 0.14903846153846154