5 0.32572115384615385 0.3293269230769231 0.09375 0.19230769230769232
5 0.22115384615384615 0.3125 0.13701923076923078 0.16826923076923078
5 0.5661057692307693 0.3629807692307692 0.16826923076923078 0.11298076923076923
5 0.6935096153846154 0.4483173076923077 0.1346153846153846 0.09615384615384616
5 0.7439903846153846 0.5685096153846154 0.08173076923076923 0.1466346153846154
5 0.9074519230769231 0.48197115384615385 0.0673076923076923 0.20192307692307693
5 0.8149038461538461 0.6983173076923077 0.057692307692307696 0.19471153846153846
5 0.5901442307692307 0.19831730769230768 0.0673076923076923 0.11298076923076923
5 0.4831730769230769 0.18870192307692307 0.06490384615384616 0.10576923076923077
5 0.3942307692307692 0.0673076923076923 0.07451923076923077 0.10576923076923077
5 0.3293269230769231 0.1971153846153846 0.08413461538461539 0.08653846153846154
5 0.7175480769230769 0.11177884615384616 0.13221153846153846 0.11057692307692307
5 0.9495192307692307 0.23197115384615385 0.09134615384615384 0.19951923076923078
5 0.8137019230769231 0.15384615384615385 0.12740384615384615 0.15865384615384615