26 0.6346153846153846 0.24158653846153846 0.0889423076923077 0.09615384615384616
26 0.38221153846153844 0.6586538461538461 0.08413461538461539 0.14182692307692307
26 0.7079326923076923 0.18629807692307693 0.07692307692307693 0.1201923076923077
26 0.06971153846153846 0.5108173076923077 0.1346153846153846 0.2668269230769231
26 0.11177884615384616 0.7007211538461539 0.11778846153846154 0.11298076923076923
26 0.12740384615384615 0.8329326923076923 0.08413461538461539 0.14182692307692307
26 0.18509615384615385 0.8557692307692307 0.0625 0.17548076923076922
26 0.26802884615384615 0.9230769230769231 0.10336538461538461 0.1466346153846154
26 0.3713942307692308 0.9411057692307693 0.06971153846153846 0.11298076923076923
26 0.7379807692307693 0.8040865384615384 0.08413461538461539 0.11298076923076923
26 0.8473557692307693 0.6478365384615384 0.06009615384615385 0.11538461538461539
26 0.6586538461538461 0.47596153846153844 0.11298076923076923 0.15384615384615385
26 0.6826923076923077 0.6213942307692307 0.04326923076923077 0.08413461538461539
26 0.5625 0.4074519230769231 0.0673076923076923 0.06490384615384616
26 0.7992788461538461 0.23677884615384615 0.17307692307692307 0.12259615384615384
26 0.7115384615384616 0.39302884615384615 0.09134615384615384 0.16826923076923078
26 0.5985576923076923 0.7620192307692307 0.06009615384615385 0.06009615384615385
26 0.4483173076923077 0.8161057692307693 0.0673076923076923 0.0673076923076923
26 0.5240384615384616 0.6442307692307693 0.057692307692307696 0.06490384615384616
26 0.3125 0.6983173076923077 0.06490384615384616 0.10576923076923077
26 0.22235576923076922 0.6814903846153846 0.07692307692307693 0.12740384615384615