19 0.7884615384615384 0.4651442307692308 0.1466346153846154 0.38221153846153844
19 0.6586538461538461 0.46634615384615385 0.0985576923076923 0.44471153846153844
19 0.48197115384615385 0.2403846153846154 0.1346153846153846 0.28846153846153844
19 0.2920673076923077 0.7283653846153846 0.13701923076923078 0.3870192307692308
19 0.35697115384615385 0.46033653846153844 0.10336538461538461 0.1658653846153846
19 0.2692307692307692 0.2127403846153846 0.07692307692307693 0.17548076923076922
19 0.16947115384615385 0.26802884615384615 0.07211538461538461 0.17067307692307693
19 0.9615384615384616 0.5745192307692307 0.07451923076923077 0.3629807692307692
19 0.6790865384615384 0.13701923076923078 0.12259615384615384 0.23798076923076922
19 0.23076923076923078 0.5228365384615384 0.0625 0.20192307692307693
19 0.4639423076923077 0.8064903846153846 0.07451923076923077 0.12740384615384615