21 0.5084134615384616 0.9543269230769231 0.11778846153846154 0.0889423076923077
21 0.44711538461538464 0.40384615384615385 0.13221153846153846 0.12740384615384615
21 0.6021634615384616 0.37259615384615385 0.0985576923076923 0.07211538461538461
21 0.47475961538461536 0.24158653846153846 0.07932692307692307 0.17307692307692307
21 0.328125 0.8088942307692307 0.14423076923076922 0.24759615384615385
21 0.6682692307692307 0.9423076923076923 0.10817307692307693 0.11298076923076923
21 0.7043269230769231 0.6430288461538461 0.07211538461538461 0.11057692307692307
21 0.21754807692307693 0.3329326923076923 0.15144230769230768 0.0673076923076923
21 0.15384615384615385 0.3918269230769231 0.1875 0.0985576923076923
21 0.484375 0.7247596153846154 0.10096153846153846 0.125
21 0.5372596153846154 0.8461538461538461 0.08173076923076923 0.07211538461538461
21 0.6394230769230769 0.8473557692307693 0.08173076923076923 0.04567307692307692
21 0.6466346153846154 0.7740384615384616 0.08413461538461539 0.07451923076923077
21 0.546875 0.7596153846153846 0.07211538461538461 0.06490384615384616
21 0.45913461538461536 0.5108173076923077 0.1658653846153846 0.1346153846153846
21 0.59375 0.5685096153846154 0.04807692307692308 0.0673076923076923
21 0.7079326923076923 0.7956730769230769 0.10817307692307693 0.13942307692307693
21 0.1875 0.6045673076923077 0.17067307692307693 0.15865384615384615
21 0.140625 0.8641826923076923 0.16105769230769232 0.2692307692307692