21 0.3581730769230769 0.16466346153846154 0.05048076923076923 0.057692307692307696
21 0.35697115384615385 0.3713942307692308 0.038461538461538464 0.0625
21 0.5264423076923077 0.1971153846153846 0.038461538461538464 0.057692307692307696
21 0.5444711538461539 0.3329326923076923 0.04807692307692308 0.06971153846153846
21 0.6237980769230769 0.24639423076923078 0.04567307692307692 0.055288461538461536
21 0.6610576923076923 0.20432692307692307 0.038461538461538464 0.03365384615384615
21 0.25 0.40625 0.07692307692307693 0.06490384615384616
21 0.18269230769230768 0.3701923076923077 0.09375 0.09375
21 0.28846153846153844 0.2620192307692308 0.07451923076923077 0.055288461538461536
21 0.39903846153846156 0.3545673076923077 0.040865384615384616 0.0889423076923077
21 0.13221153846153846 0.8461538461538461 0.08413461538461539 0.14903846153846154
21 0.08413461538461539 0.7487980769230769 0.057692307692307696 0.09134615384615384
21 0.6790865384615384 0.7175480769230769 0.10336538461538461 0.18269230769230768
21 0.5889423076923077 0.5673076923076923 0.10576923076923077 0.14903846153846154
21 0.6634615384615384 0.35096153846153844 0.05048076923076923 0.04807692307692308
21 0.4182692307692308 0.23918269230769232 0.07451923076923077 0.057692307692307696
21 0.3449519230769231 0.2848557692307692 0.038461538461538464 0.052884615384615384