19 0.39903846153846156 0.7848557692307693 0.09375 0.24278846153846154
19 0.5336538461538461 0.7752403846153846 0.1201923076923077 0.2644230769230769
19 0.5144230769230769 0.5252403846153846 0.04807692307692308 0.1466346153846154
19 0.6153846153846154 0.359375 0.10096153846153846 0.14182692307692307
19 0.8713942307692307 0.8425480769230769 0.13221153846153846 0.2620192307692308
19 0.765625 0.6021634615384616 0.07211538461538461 0.15384615384615385
19 0.14182692307692307 0.43149038461538464 0.09615384615384616 0.35336538461538464
19 0.21514423076923078 0.14903846153846154 0.11298076923076923 0.2956730769230769
19 0.22956730769230768 0.34134615384615385 0.057692307692307696 0.11778846153846154
22 0.3942307692307692 0.4182692307692308 0.07451923076923077 0.13701923076923078
22 0.7055288461538461 0.2980769230769231 0.04807692307692308 0.22355769230769232
22 0.9675480769230769 0.6310096153846154 0.0625 0.16826923076923078
19 0.33653846153846156 0.2536057692307692 0.07451923076923077 0.22596153846153846
22 0.5192307692307693 0.359375 0.08173076923076923 0.13942307692307693
22 0.8137019230769231 0.2704326923076923 0.07211538461538461 0.10336538461538461
22 0.8076923076923077 0.17307692307692307 0.07451923076923077 0.08413461538461539
22 0.055288461538461536 0.7608173076923077 0.09375 0.1778846153846154
19 0.4567307692307692 0.078125 0.09134615384615384 0.12259615384615384
22 0.9375 0.25721153846153844 0.06490384615384616 0.1971153846153846