3 0.3870192307692308 0.6826923076923077 0.1466346153846154 0.3918269230769231
3 0.15625 0.5889423076923077 0.11057692307692307 0.2283653846153846
3 0.53125 0.31009615384615385 0.1658653846153846 0.28125
3 0.8497596153846154 0.5612980769230769 0.27163461538461536 0.2668269230769231
3 0.7536057692307693 0.2692307692307692 0.10096153846153846 0.15384615384615385
3 0.6286057692307693 0.08533653846153846 0.11298076923076923 0.11298076923076923
3 0.4483173076923077 0.3425480769230769 0.1658653846153846 0.2932692307692308
3 0.1875 0.43149038461538464 0.08173076923076923 0.13942307692307693
3 0.030048076923076924 0.4362980769230769 0.06009615384615385 0.1971153846153846
3 0.19831730769230768 0.203125 0.11057692307692307 0.16826923076923078
3 0.3485576923076923 0.41346153846153844 0.10096153846153846 0.11057692307692307
3 0.2704326923076923 0.8870192307692307 0.08173076923076923 0.22596153846153846
3 0.9074519230769231 0.2920673076923077 0.06971153846153846 0.3173076923076923
3 0.4387019230769231 0.4855769230769231 0.10096153846153846 0.2620192307692308
3 0.6081730769230769 0.15625 0.125 0.07932692307692307