5 0.04326923076923077 0.7908653846153846 0.08173076923076923 0.18028846153846154
5 0.11778846153846154 0.6826923076923077 0.06971153846153846 0.09375
5 0.2668269230769231 0.8004807692307693 0.20673076923076922 0.23798076923076922
5 0.4362980769230769 0.8317307692307693 0.10336538461538461 0.15625
5 0.5865384615384616 0.8004807692307693 0.20192307692307693 0.21875
5 0.7956730769230769 0.84375 0.18509615384615385 0.20432692307692307
5 0.7451923076923077 0.6153846153846154 0.06971153846153846 0.15865384615384615
5 0.8137019230769231 0.625 0.125 0.13942307692307693
5 0.8581730769230769 0.5973557692307693 0.12980769230769232 0.1466346153846154
5 0.8930288461538461 0.3425480769230769 0.06490384615384616 0.13942307692307693
5 0.7992788461538461 0.36778846153846156 0.13221153846153846 0.16826923076923078
5 0.6862980769230769 0.38461538461538464 0.13942307692307693 0.0985576923076923
5 0.33653846153846156 0.2920673076923077 0.13942307692307693 0.19471153846153846
5 0.4963942307692308 0.2848557692307692 0.15865384615384615 0.2932692307692308
5 0.625 0.0889423076923077 0.11538461538461539 0.14903846153846154