21 0.8401442307692307 0.8689903846153846 0.19951923076923078 0.16346153846153846
21 0.6526442307692307 0.6911057692307693 0.06971153846153846 0.15865384615384615
21 0.5901442307692307 0.6646634615384616 0.08653846153846154 0.13701923076923078
21 0.38100961538461536 0.28125 0.21875 0.16346153846153846
21 0.4254807692307692 0.09014423076923077 0.21153846153846154 0.15384615384615385
21 0.6622596153846154 0.13341346153846154 0.21875 0.18269230769230768
21 0.7307692307692307 0.3870192307692308 0.25 0.17548076923076922
21 0.47836538461538464 0.5336538461538461 0.18028846153846154 0.15865384615384615
21 0.4014423076923077 0.4495192307692308 0.1971153846153846 0.1658653846153846
21 0.8004807692307693 0.6706730769230769 0.19471153846153846 0.19951923076923078
21 0.1971153846153846 0.78125 0.3870192307692308 0.33653846153846156