28 0.12620192307692307 0.17548076923076922 0.11057692307692307 0.32211538461538464
28 0.11177884615384616 0.5600961538461539 0.14903846153846154 0.3629807692307692
28 0.35336538461538464 0.6502403846153846 0.28846153846153844 0.5793269230769231
28 0.7512019230769231 0.19951923076923078 0.31009615384615385 0.31490384615384615
28 0.5961538461538461 0.7920673076923077 0.21875 0.4110576923076923
28 0.5492788461538461 0.421875 0.22596153846153846 0.3557692307692308
28 0.8161057692307693 0.5480769230769231 0.24278846153846154 0.30288461538461536
28 0.3870192307692308 0.21394230769230768 0.10336538461538461 0.2932692307692308
28 0.051682692307692304 0.19831730769230768 0.10096153846153846 0.3173076923076923
28 0.7944711538461539 0.8521634615384616 0.20673076923076922 0.29086538461538464
28 0.9459134615384616 0.8798076923076923 0.10336538461538461 0.23317307692307693