5 0.5432692307692307 0.6394230769230769 0.19951923076923078 0.3870192307692308
5 0.38341346153846156 0.5480769230769231 0.22115384615384615 0.23798076923076922
5 0.19951923076923078 0.4519230769230769 0.16346153846153846 0.27403846153846156
5 0.3173076923076923 0.3954326923076923 0.09375 0.2091346153846154
5 0.5793269230769231 0.15384615384615385 0.19951923076923078 0.125
5 0.6778846153846154 0.2668269230769231 0.13221153846153846 0.2620192307692308
5 0.8473557692307693 0.31971153846153844 0.23798076923076922 0.17067307692307693
5 0.9411057692307693 0.4543269230769231 0.11778846153846154 0.2668269230769231
5 0.9459134615384616 0.7932692307692307 0.10817307692307693 0.3701923076923077
5 0.8545673076923077 0.7091346153846154 0.11538461538461539 0.3293269230769231
5 0.703125 0.8822115384615384 0.1875 0.20673076923076922
5 0.09254807692307693 0.8377403846153846 0.17548076923076922 0.24759615384615385
5 0.4230769230769231 0.14903846153846154 0.11057692307692307 0.17548076923076922
5 0.4579326923076923 0.28365384615384615 0.04567307692307692 0.09375
5 0.5288461538461539 0.24278846153846154 0.10817307692307693 0.0889423076923077
5 0.7572115384615384 0.5492788461538461 0.13701923076923078 0.12980769230769232
5 0.8173076923076923 0.5024038461538461 0.036057692307692304 0.07692307692307693