5 0.4098557692307692 0.28365384615384615 0.125 0.21394230769230768
5 0.5012019230769231 0.4483173076923077 0.08653846153846154 0.14182692307692307
5 0.12259615384615384 0.4098557692307692 0.07932692307692307 0.15144230769230768
5 0.04807692307692308 0.47716346153846156 0.09134615384615384 0.1201923076923077
5 0.3173076923076923 0.06850961538461539 0.21875 0.1346153846153846
5 0.7620192307692307 0.3245192307692308 0.10817307692307693 0.18269230769230768
5 0.8954326923076923 0.47596153846153844 0.14903846153846154 0.11778846153846154
5 0.9591346153846154 0.2848557692307692 0.07932692307692307 0.20673076923076922
5 0.3425480769230769 0.7824519230769231 0.1658653846153846 0.125
5 0.41586538461538464 0.9170673076923077 0.08413461538461539 0.16346153846153846
5 0.4026442307692308 0.6069711538461539 0.08653846153846154 0.16826923076923078
5 0.6009615384615384 0.9170673076923077 0.10096153846153846 0.06971153846153846
5 0.6310096153846154 0.6862980769230769 0.08413461538461539 0.13942307692307693
5 0.5144230769230769 0.32572115384615385 0.0625 0.14182692307692307
5 0.390625 0.4519230769230769 0.15384615384615385 0.14423076923076922