5 0.20673076923076922 0.1622596153846154 0.07932692307692307 0.21875
5 0.09254807692307693 0.265625 0.17548076923076922 0.13221153846153846
5 0.1935096153846154 0.3701923076923077 0.18028846153846154 0.1466346153846154
5 0.25961538461538464 0.5336538461538461 0.2668269230769231 0.14903846153846154
5 0.5865384615384616 0.6526442307692307 0.4182692307692308 0.2548076923076923
5 0.8004807692307693 0.20552884615384615 0.2283653846153846 0.20673076923076922
5 0.7836538461538461 0.4170673076923077 0.21875 0.1466346153846154
5 0.6201923076923077 0.23076923076923078 0.15865384615384615 0.25961538461538464
5 0.53125 0.15384615384615385 0.0985576923076923 0.3004807692307692
5 0.5853365384615384 0.43028846153846156 0.18990384615384615 0.18028846153846154
5 0.4855769230769231 0.30649038461538464 0.12980769230769232 0.18509615384615385
5 0.36899038461538464 0.453125 0.0985576923076923 0.16826923076923078
5 0.34615384615384615 0.15625 0.10817307692307693 0.16105769230769232
5 0.7716346153846154 0.9170673076923077 0.12980769230769232 0.1658653846153846
5 0.5216346153846154 0.8329326923076923 0.18509615384615385 0.18990384615384615