22 0.3545673076923077 0.5492788461538461 0.11298076923076923 0.24278846153846154
22 0.2620192307692308 0.48677884615384615 0.09134615384615384 0.18028846153846154
22 0.16706730769230768 0.6105769230769231 0.08653846153846154 0.29086538461538464
22 0.23317307692307693 0.3798076923076923 0.12740384615384615 0.10096153846153846
22 0.3954326923076923 0.390625 0.14423076923076922 0.11057692307692307
22 0.3641826923076923 0.3112980769230769 0.15865384615384615 0.10817307692307693
22 0.2091346153846154 0.3125 0.11538461538461539 0.11538461538461539
22 0.19110576923076922 0.24519230769230768 0.12740384615384615 0.15384615384615385
22 0.0889423076923077 0.5528846153846154 0.1201923076923077 0.13221153846153846
22 0.2247596153846154 0.90625 0.11298076923076923 0.1875
22 0.20192307692307693 0.7764423076923077 0.12740384615384615 0.125
22 0.24879807692307693 0.6850961538461539 0.11298076923076923 0.09134615384615384
22 0.3545673076923077 0.9098557692307693 0.125 0.18028846153846154
22 0.3858173076923077 0.7872596153846154 0.11778846153846154 0.1346153846153846
22 0.45552884615384615 0.8125 0.08653846153846154 0.1658653846153846
22 0.5360576923076923 0.9002403846153846 0.12259615384615384 0.1875
22 0.5685096153846154 0.6478365384615384 0.08173076923076923 0.19471153846153846
22 0.5384615384615384 0.7151442307692307 0.11298076923076923 0.10817307692307693
22 0.6262019230769231 0.6153846153846154 0.10817307692307693 0.19471153846153846
22 0.5925480769230769 0.4723557692307692 0.14903846153846154 0.11778846153846154
22 0.5180288461538461 0.36658653846153844 0.0673076923076923 0.12740384615384615
22 0.40625 0.3894230769230769 0.1466346153846154 0.04567307692307692
22 0.38822115384615385 0.10336538461538461 0.06971153846153846 0.0889423076923077
22 0.7740384615384616 0.7271634615384616 0.10576923076923077 0.2956730769230769
22 0.8774038461538461 0.4723557692307692 0.17067307692307693 0.16105769230769232
22 0.9146634615384616 0.6129807692307693 0.11298076923076923 0.1466346153846154
22 0.9014423076923077 0.33653846153846156 0.12980769230769232 0.13701923076923078
22 0.7115384615384616 0.3954326923076923 0.09615384615384616 0.06009615384615385
22 0.6310096153846154 0.3161057692307692 0.19230769230769232 0.11057692307692307
22 0.6514423076923077 0.17908653846153846 0.10576923076923077 0.11057692307692307
22 0.46153846153846156 0.20552884615384615 0.10096153846153846 0.11538461538461539
22 0.34134615384615385 0.25240384615384615 0.1201923076923077 0.08413461538461539
22 0.43509615384615385 0.5661057692307693 0.08413461538461539 0.21153846153846154