29 0.2247596153846154 0.3557692307692308 0.23557692307692307 0.12259615384615384
29 0.4170673076923077 0.234375 0.2932692307692308 0.18028846153846154
29 0.5012019230769231 0.06971153846153846 0.25721153846153844 0.13701923076923078
29 0.8269230769230769 0.4098557692307692 0.22596153846153846 0.15384615384615385
29 0.12740384615384615 0.5973557692307693 0.21634615384615385 0.12980769230769232
29 0.1814903846153846 0.4807692307692308 0.21394230769230768 0.10096153846153846
29 0.36538461538461536 0.7331730769230769 0.125 0.11538461538461539
29 0.32572115384615385 0.8269230769230769 0.11057692307692307 0.07211538461538461
29 0.5444711538461539 0.7259615384615384 0.18990384615384615 0.125
29 0.8064903846153846 0.2644230769230769 0.18269230769230768 0.0985576923076923
29 0.7932692307692307 0.1814903846153846 0.24519230769230768 0.17067307692307693
29 0.11057692307692307 0.2644230769230769 0.21875 0.14423076923076922
29 0.5889423076923077 0.5576923076923077 0.18990384615384615 0.12740384615384615