22 0.6370192307692307 0.609375 0.1466346153846154 0.27884615384615385
22 0.13701923076923078 0.5456730769230769 0.21875 0.1778846153846154
22 0.2980769230769231 0.6742788461538461 0.11298076923076923 0.2548076923076923
22 0.23076923076923078 0.3894230769230769 0.14182692307692307 0.19951923076923078
22 0.3088942307692308 0.3076923076923077 0.1466346153846154 0.14182692307692307
22 0.4831730769230769 0.453125 0.12980769230769232 0.08173076923076923
22 0.6334134615384616 0.4230769230769231 0.1778846153846154 0.0889423076923077
22 0.7391826923076923 0.36538461538461536 0.06490384615384616 0.23557692307692307
22 0.8737980769230769 0.5252403846153846 0.21875 0.16105769230769232
22 0.5745192307692307 0.8725961538461539 0.14903846153846154 0.09615384615384616
22 0.453125 0.8677884615384616 0.10096153846153846 0.09375
22 0.5252403846153846 0.9338942307692307 0.0673076923076923 0.09134615384615384
22 0.5841346153846154 0.18269230769230768 0.08653846153846154 0.1875
22 0.4567307692307692 0.11899038461538461 0.14423076923076922 0.17067307692307693
22 0.5973557692307693 0.29086538461538464 0.09615384615384616 0.057692307692307696
22 0.5168269230769231 0.2283653846153846 0.0673076923076923 0.1201923076923077
22 0.48197115384615385 0.24639423076923078 0.10576923076923077 0.0985576923076923
22 0.3713942307692308 0.6310096153846154 0.08653846153846154 0.15144230769230768