22 0.4723557692307692 0.31490384615384615 0.07451923076923077 0.15384615384615385
22 0.5108173076923077 0.5264423076923077 0.09615384615384616 0.13701923076923078
22 0.4651442307692308 0.6057692307692307 0.18028846153846154 0.06971153846153846
22 0.6358173076923077 0.40865384615384615 0.1201923076923077 0.15144230769230768
22 0.5721153846153846 0.17307692307692307 0.16105769230769232 0.0985576923076923
22 0.578125 0.25600961538461536 0.08173076923076923 0.12740384615384615
22 0.7403846153846154 0.3641826923076923 0.18269230769230768 0.09375
22 0.8834134615384616 0.30288461538461536 0.15144230769230768 0.13701923076923078
22 0.9302884615384616 0.5516826923076923 0.09375 0.22115384615384615
22 0.71875 0.8161057692307693 0.11538461538461539 0.19471153846153846
22 0.4579326923076923 0.7896634615384616 0.1466346153846154 0.10336538461538461
22 0.6189903846153846 0.9002403846153846 0.11057692307692307 0.1971153846153846
22 0.0673076923076923 0.46153846153846156 0.1346153846153846 0.15865384615384615
22 0.09254807692307693 0.6370192307692307 0.10576923076923077 0.0673076923076923
22 0.1658653846153846 0.7764423076923077 0.1466346153846154 0.16826923076923078
22 0.2704326923076923 0.5288461538461539 0.10817307692307693 0.1201923076923077
22 0.2692307692307692 0.3269230769230769 0.12980769230769232 0.09375
22 0.18629807692307693 0.24519230769230768 0.09134615384615384 0.13942307692307693
22 0.08413461538461539 0.29927884615384615 0.15625 0.0889423076923077
22 0.6971153846153846 0.15264423076923078 0.08413461538461539 0.0985576923076923
22 0.6875 0.07091346153846154 0.08413461538461539 0.11298076923076923
22 0.7956730769230769 0.6033653846153846 0.10817307692307693 0.18269230769230768
22 0.6646634615384616 0.6574519230769231 0.16346153846153846 0.11057692307692307