21 0.21033653846153846 0.7788461538461539 0.038461538461538464 0.036057692307692304
21 0.06129807692307692 0.9278846153846154 0.028846153846153848 0.057692307692307696
21 0.06610576923076923 0.8834134615384616 0.03125 0.04567307692307692
21 0.12620192307692307 0.8629807692307693 0.028846153846153848 0.06971153846153846
21 0.23798076923076922 0.9170673076923077 0.04807692307692308 0.040865384615384616
21 0.2776442307692308 0.703125 0.028846153846153848 0.06971153846153846
21 0.3161057692307692 0.6850961538461539 0.038461538461538464 0.06009615384615385
21 0.3545673076923077 0.703125 0.057692307692307696 0.04326923076923077
21 0.30288461538461536 0.9507211538461539 0.055288461538461536 0.052884615384615384
21 0.15745192307692307 0.7584134615384616 0.03125 0.026442307692307692
21 0.06971153846153846 0.6574519230769231 0.06009615384615385 0.06009615384615385
21 0.21514423076923078 0.6875 0.02403846153846154 0.03125
21 0.09375 0.9194711538461539 0.036057692307692304 0.0625
21 0.38822115384615385 0.8173076923076923 0.0625 0.08413461538461539
21 0.36538461538461536 0.7463942307692307 0.06490384615384616 0.07932692307692307
21 0.3137019230769231 0.7776442307692307 0.0673076923076923 0.04807692307692308
21 0.29086538461538464 0.8617788461538461 0.0625 0.055288461538461536
21 0.16466346153846154 0.8088942307692307 0.028846153846153848 0.0625
21 0.7800480769230769 0.8870192307692307 0.23076923076923078 0.15625
21 0.7379807692307693 0.7307692307692307 0.23557692307692307 0.15625
21 0.052884615384615384 0.23197115384615385 0.04807692307692308 0.04807692307692308
21 0.19591346153846154 0.41947115384615385 0.06490384615384616 0.0889423076923077
21 0.19951923076923078 0.21875 0.036057692307692304 0.036057692307692304
21 0.27283653846153844 0.26322115384615385 0.038461538461538464 0.04326923076923077
21 0.3545673076923077 0.15504807692307693 0.06490384615384616 0.07692307692307693
21 0.04326923076923077 0.34375 0.036057692307692304 0.10096153846153846
21 0.29927884615384615 0.22596153846153846 0.04807692307692308 0.040865384615384616
21 0.3449519230769231 0.30288461538461536 0.0673076923076923 0.057692307692307696
21 0.2824519230769231 0.38461538461538464 0.04326923076923077 0.07932692307692307
21 0.265625 0.3076923076923077 0.038461538461538464 0.040865384615384616
21 0.23918269230769232 0.22355769230769232 0.040865384615384616 0.028846153846153848
21 0.12980769230769232 0.328125 0.057692307692307696 0.07932692307692307
21 0.07451923076923077 0.18269230769230768 0.0673076923076923 0.0985576923076923
21 0.14783653846153846 0.18509615384615385 0.052884615384615384 0.08413461538461539
21 0.3713942307692308 0.4014423076923077 0.0673076923076923 0.07211538461538461