21 0.6995192307692307 0.7716346153846154 0.12740384615384615 0.22355769230769232
21 0.7668269230769231 0.49399038461538464 0.1346153846153846 0.15144230769230768
21 0.40024038461538464 0.8701923076923077 0.25721153846153844 0.22355769230769232
21 0.3701923076923077 0.43509615384615385 0.11538461538461539 0.22355769230769232
21 0.5168269230769231 0.15625 0.24759615384615385 0.3004807692307692
21 0.5901442307692307 0.4675480769230769 0.19471153846153846 0.15384615384615385
21 0.5721153846153846 0.28966346153846156 0.15384615384615385 0.25
21 0.3641826923076923 0.65625 0.14423076923076922 0.15865384615384615
21 0.45072115384615385 0.41586538461538464 0.11538461538461539 0.20192307692307693
21 0.2247596153846154 0.7560096153846154 0.18990384615384615 0.35096153846153844
21 0.23677884615384615 0.3557692307692308 0.13701923076923078 0.30288461538461536