25 0.078125 0.2620192307692308 0.11538461538461539 0.125
25 0.7331730769230769 0.8918269230769231 0.08413461538461539 0.11057692307692307
25 0.8293269230769231 0.6069711538461539 0.11298076923076923 0.07211538461538461
25 0.33052884615384615 0.7295673076923077 0.11298076923076923 0.14182692307692307
25 0.6766826923076923 0.7908653846153846 0.12740384615384615 0.10817307692307693
25 0.7463942307692307 0.46033653846153844 0.0985576923076923 0.16105769230769232
25 0.5060096153846154 0.6322115384615384 0.08413461538461539 0.10336538461538461
25 0.39903846153846156 0.5456730769230769 0.09375 0.10576923076923077
25 0.4074519230769231 0.8305288461538461 0.057692307692307696 0.18269230769230768
25 0.6262019230769231 0.6586538461538461 0.10096153846153846 0.1658653846153846
25 0.6478365384615384 0.30649038461538464 0.04807692307692308 0.20432692307692307
25 0.5805288461538461 0.5685096153846154 0.08173076923076923 0.08653846153846154
25 0.47596153846153844 0.4206730769230769 0.08173076923076923 0.14903846153846154