10 0.5492788461538461 0.33413461538461536 0.038461538461538464 0.13701923076923078
10 0.28846153846153844 0.5144230769230769 0.04807692307692308 0.16105769230769232
10 0.41947115384615385 0.45072115384615385 0.03125 0.17067307692307693
10 0.25 0.7487980769230769 0.0625 0.09375
10 0.3329326923076923 0.9194711538461539 0.0673076923076923 0.07932692307692307
10 0.2091346153846154 0.8641826923076923 0.0673076923076923 0.09375
10 0.1814903846153846 0.9122596153846154 0.052884615384615384 0.12259615384615384
10 0.25721153846153844 0.1935096153846154 0.036057692307692304 0.09615384615384616
10 0.3173076923076923 0.30649038461538464 0.040865384615384616 0.1201923076923077
10 0.20552884615384615 0.40024038461538464 0.03125 0.0985576923076923
10 0.4879807692307692 0.8197115384615384 0.028846153846153848 0.0985576923076923
10 0.3088942307692308 0.8125 0.04567307692307692 0.11298076923076923
10 0.056490384615384616 0.26322115384615385 0.052884615384615384 0.0985576923076923
10 0.21153846153846154 0.5120192307692307 0.040865384615384616 0.13221153846153846