10 0.43149038461538464 0.2920673076923077 0.09615384615384616 0.3389423076923077
10 0.5913461538461539 0.6069711538461539 0.09375 0.49278846153846156
10 0.40625 0.7103365384615384 0.12980769230769232 0.34615384615384615
10 0.28846153846153844 0.20432692307692307 0.20192307692307693 0.28365384615384615
10 0.5925480769230769 0.08413461538461539 0.2860576923076923 0.11778846153846154
10 0.828125 0.328125 0.22596153846153846 0.09615384615384616
10 0.7307692307692307 0.9122596153846154 0.27884615384615385 0.15144230769230768
10 0.3713942307692308 0.9423076923076923 0.2403846153846154 0.11538461538461539
10 0.15625 0.9375 0.2091346153846154 0.12259615384615384
10 0.1778846153846154 0.4879807692307692 0.13701923076923078 0.4230769230769231
10 0.09375 0.11538461538461539 0.1875 0.13701923076923078