4 0.3894230769230769 0.4098557692307692 0.15865384615384615 0.31490384615384615
4 0.5757211538461539 0.39663461538461536 0.1466346153846154 0.29086538461538464
4 0.6430288461538461 0.4831730769230769 0.1971153846153846 0.3004807692307692
4 0.7800480769230769 0.5048076923076923 0.12740384615384615 0.1778846153846154
4 0.16466346153846154 0.6478365384615384 0.30288461538461536 0.20192307692307693
4 0.2403846153846154 0.46153846153846156 0.12259615384615384 0.10096153846153846
4 0.2956730769230769 0.5240384615384616 0.1466346153846154 0.13701923076923078
4 0.7331730769230769 0.054086538461538464 0.10576923076923077 0.10336538461538461
4 0.46153846153846156 0.203125 0.19951923076923078 0.08413461538461539
4 0.6862980769230769 0.21394230769230768 0.12740384615384615 0.12259615384615384
4 0.9158653846153846 0.38822115384615385 0.1658653846153846 0.09375
4 0.9435096153846154 0.3473557692307692 0.11057692307692307 0.1346153846153846
4 0.7247596153846154 0.734375 0.17067307692307693 0.12259615384615384
4 0.8990384615384616 0.9206730769230769 0.18990384615384615 0.15625
4 0.7043269230769231 0.9158653846153846 0.1875 0.1658653846153846
4 0.09254807692307693 0.49038461538461536 0.16105769230769232 0.125