3 0.2283653846153846 0.2127403846153846 0.18028846153846154 0.2692307692307692
3 0.33052884615384615 0.546875 0.1346153846153846 0.21875
3 0.5084134615384616 0.34615384615384615 0.10336538461538461 0.25961538461538464
3 0.6550480769230769 0.5120192307692307 0.12980769230769232 0.17067307692307693
3 0.7644230769230769 0.7055288461538461 0.13701923076923078 0.24519230769230768
3 0.8305288461538461 0.37259615384615385 0.14903846153846154 0.28365384615384615
3 0.6911057692307693 0.12740384615384615 0.28125 0.19471153846153846
3 0.35216346153846156 0.8425480769230769 0.14423076923076922 0.2403846153846154
3 0.09134615384615384 0.7451923076923077 0.16826923076923078 0.34134615384615385
3 0.28966346153846156 0.7283653846153846 0.11538461538461539 0.13221153846153846
3 0.4326923076923077 0.6454326923076923 0.12740384615384615 0.13701923076923078
3 0.9362980769230769 0.765625 0.11538461538461539 0.18028846153846154
3 0.359375 0.27283653846153844 0.13221153846153846 0.23317307692307693