13 0.22115384615384615 0.30408653846153844 0.07692307692307693 0.11057692307692307
13 0.0985576923076923 0.33052884615384615 0.10336538461538461 0.057692307692307696
13 0.5372596153846154 0.36538461538461536 0.09375 0.16826923076923078
13 0.43149038461538464 0.37740384615384615 0.0673076923076923 0.10336538461538461
13 0.3786057692307692 0.28966346153846156 0.125 0.08653846153846154
13 0.31490384615384615 0.23557692307692307 0.06009615384615385 0.04807692307692308
13 0.28966346153846156 0.2956730769230769 0.055288461538461536 0.10817307692307693
13 0.22956730769230768 0.23557692307692307 0.0889423076923077 0.04567307692307692
13 0.20793269230769232 0.17668269230769232 0.08653846153846154 0.04807692307692308
13 0.6838942307692307 0.3918269230769231 0.0673076923076923 0.16105769230769232
13 0.7415865384615384 0.4483173076923077 0.0673076923076923 0.15384615384615385
13 0.6430288461538461 0.31009615384615385 0.08653846153846154 0.10336538461538461
13 0.8112980769230769 0.5625 0.06490384615384616 0.09134615384615384
13 0.84375 0.6213942307692307 0.040865384615384616 0.16826923076923078
13 0.8810096153846154 0.49399038461538464 0.07211538461538461 0.07692307692307693
13 0.5180288461538461 0.671875 0.10336538461538461 0.07692307692307693
13 0.5288461538461539 0.6081730769230769 0.08653846153846154 0.07211538461538461
13 0.6454326923076923 0.7043269230769231 0.11778846153846154 0.1201923076923077