21 0.39903846153846156 0.35336538461538464 0.125 0.1201923076923077
21 0.12139423076923077 0.3786057692307692 0.13221153846153846 0.1201923076923077
21 0.3641826923076923 0.515625 0.125 0.20192307692307693
21 0.10576923076923077 0.7271634615384616 0.08653846153846154 0.18269230769230768
21 0.078125 0.578125 0.12740384615384615 0.1466346153846154
21 0.21754807692307693 0.7475961538461539 0.12259615384615384 0.19230769230769232
21 0.3701923076923077 0.7043269230769231 0.1346153846153846 0.1778846153846154
21 0.4110576923076923 0.8713942307692307 0.14903846153846154 0.2283653846153846
21 0.8834134615384616 0.44711538461538464 0.08653846153846154 0.1778846153846154
21 0.9146634615384616 0.22716346153846154 0.07932692307692307 0.18269230769230768
21 0.7764423076923077 0.24278846153846154 0.1346153846153846 0.08173076923076923
21 0.7860576923076923 0.10576923076923077 0.08653846153846154 0.14182692307692307
21 0.6490384615384616 0.24278846153846154 0.1658653846153846 0.3125
21 0.1045673076923077 0.18990384615384615 0.11778846153846154 0.1466346153846154
21 0.17908653846153846 0.10336538461538461 0.10096153846153846 0.1875
21 0.24278846153846154 0.18629807692307693 0.09615384615384616 0.11057692307692307