5 0.4387019230769231 0.5072115384615384 0.17307692307692307 0.25961538461538464
5 0.5805288461538461 0.6899038461538461 0.1778846153846154 0.1971153846153846
5 0.6862980769230769 0.4362980769230769 0.21394230769230768 0.29086538461538464
5 0.8425480769230769 0.5588942307692307 0.3125 0.19230769230769232
5 0.2800480769230769 0.6213942307692307 0.27403846153846156 0.22596153846153846
5 0.25 0.8329326923076923 0.3293269230769231 0.22355769230769232
5 0.4987980769230769 0.9579326923076923 0.17307692307692307 0.08173076923076923
5 0.6778846153846154 0.8413461538461539 0.10576923076923077 0.17307692307692307
5 0.890625 0.8677884615384616 0.21394230769230768 0.23317307692307693
5 0.27283653846153844 0.4110576923076923 0.1346153846153846 0.14182692307692307
5 0.05889423076923077 0.3485576923076923 0.11538461538461539 0.1658653846153846
5 0.4855769230769231 0.09735576923076923 0.14903846153846154 0.19230769230769232