21 0.5444711538461539 0.8413461538461539 0.10096153846153846 0.0625
21 0.19951923076923078 0.6838942307692307 0.16826923076923078 0.15625
21 0.6550480769230769 0.8882211538461539 0.10576923076923077 0.08173076923076923
21 0.36778846153846156 0.7956730769230769 0.052884615384615384 0.040865384615384616
21 0.42908653846153844 0.8317307692307693 0.04326923076923077 0.08653846153846154
21 0.20432692307692307 0.8557692307692307 0.06490384615384616 0.09615384615384616
21 0.2920673076923077 0.7584134615384616 0.038461538461538464 0.07692307692307693
21 0.21514423076923078 0.7716346153846154 0.06009615384615385 0.0985576923076923
21 0.25841346153846156 0.8581730769230769 0.055288461538461536 0.10817307692307693
21 0.2704326923076923 0.5913461538461539 0.11778846153846154 0.12740384615384615
21 0.2403846153846154 0.43990384615384615 0.0985576923076923 0.08173076923076923
21 0.30408653846153844 0.31971153846153844 0.06971153846153846 0.14182692307692307
21 0.2091346153846154 0.30649038461538464 0.10096153846153846 0.11298076923076923
21 0.3786057692307692 0.5360576923076923 0.06971153846153846 0.07211538461538461
21 0.4855769230769231 0.5709134615384616 0.07451923076923077 0.07692307692307693
21 0.39783653846153844 0.6286057692307693 0.055288461538461536 0.125
21 0.5084134615384616 0.3918269230769231 0.06490384615384616 0.08173076923076923
21 0.4543269230769231 0.39783653846153844 0.040865384615384616 0.06009615384615385
21 0.44591346153846156 0.3389423076923077 0.08413461538461539 0.11057692307692307
21 0.609375 0.4326923076923077 0.06009615384615385 0.1658653846153846
21 0.6862980769230769 0.390625 0.07451923076923077 0.14182692307692307
21 0.7584134615384616 0.4098557692307692 0.10817307692307693 0.08653846153846154
21 0.8173076923076923 0.6358173076923077 0.09134615384615384 0.12259615384615384
21 0.6286057692307693 0.7331730769230769 0.10096153846153846 0.10817307692307693
21 0.6586538461538461 0.5685096153846154 0.09134615384615384 0.0985576923076923
21 0.7620192307692307 0.5264423076923077 0.07211538461538461 0.1466346153846154