4 0.5168269230769231 0.5973557692307693 0.11057692307692307 0.21875
4 0.8112980769230769 0.5444711538461539 0.11778846153846154 0.2956730769230769
4 0.8341346153846154 0.765625 0.10096153846153846 0.23317307692307693
4 0.9579326923076923 0.6610576923076923 0.08173076923076923 0.19951923076923078
4 0.8882211538461539 0.39783653846153844 0.07692307692307693 0.15144230769230768
4 0.8822115384615384 0.18629807692307693 0.07211538461538461 0.21153846153846154
4 0.6394230769230769 0.41586538461538464 0.11057692307692307 0.1346153846153846
4 0.6334134615384616 0.5625 0.10096153846153846 0.16105769230769232
4 0.6177884615384616 0.6875 0.12259615384615384 0.0985576923076923
4 0.6165865384615384 0.8076923076923077 0.10817307692307693 0.1346153846153846
4 0.3329326923076923 0.6490384615384616 0.15625 0.09615384615384616
4 0.36778846153846156 0.5360576923076923 0.13942307692307693 0.13942307692307693
4 0.16947115384615385 0.46033653846153844 0.09134615384615384 0.15384615384615385
4 0.22716346153846154 0.8461538461538461 0.11298076923076923 0.17548076923076922
4 0.14302884615384615 0.9230769230769231 0.0985576923076923 0.15144230769230768
4 0.07572115384615384 0.8040865384615384 0.11057692307692307 0.10817307692307693
4 0.45552884615384615 0.8365384615384616 0.12259615384615384 0.09375
4 0.5 0.7632211538461539 0.08413461538461539 0.12980769230769232
4 0.3954326923076923 0.8401442307692307 0.12259615384615384 0.15625