15 0.6622596153846154 0.40384615384615385 0.125 0.13942307692307693
15 0.4807692307692308 0.5108173076923077 0.04567307692307692 0.09375
15 0.4387019230769231 0.4050480769230769 0.04326923076923077 0.11298076923076923
15 0.36778846153846156 0.48677884615384615 0.0625 0.08653846153846154
15 0.328125 0.5552884615384616 0.038461538461538464 0.06009615384615385
15 0.5697115384615384 0.484375 0.04807692307692308 0.11538461538461539
15 0.7740384615384616 0.5192307692307693 0.08653846153846154 0.14903846153846154
15 0.7644230769230769 0.7199519230769231 0.0625 0.10336538461538461
15 0.53125 0.5745192307692307 0.055288461538461536 0.10576923076923077
15 0.46153846153846156 0.6009615384615384 0.0625 0.057692307692307696
15 0.8557692307692307 0.5480769230769231 0.0985576923076923 0.13221153846153846