5 0.34615384615384615 0.16947115384615385 0.20192307692307693 0.2860576923076923
5 0.14182692307692307 0.20192307692307693 0.14182692307692307 0.2692307692307692
5 0.22596153846153846 0.43149038461538464 0.2644230769230769 0.16826923076923078
5 0.15985576923076922 0.6586538461538461 0.14182692307692307 0.2283653846153846
5 0.3605769230769231 0.7259615384615384 0.23317307692307693 0.18990384615384615
5 0.5733173076923077 0.5420673076923077 0.2620192307692308 0.15625
5 0.8305288461538461 0.6274038461538461 0.2980769230769231 0.17307692307692307
5 0.8004807692307693 0.8161057692307693 0.16105769230769232 0.21153846153846154
5 0.5997596153846154 0.7644230769230769 0.13701923076923078 0.2668269230769231
5 0.8353365384615384 0.23798076923076922 0.16105769230769232 0.25721153846153844
5 0.6069711538461539 0.1502403846153846 0.1778846153846154 0.2091346153846154
5 0.6081730769230769 0.31971153846153844 0.2644230769230769 0.14182692307692307
5 0.21033653846153846 0.8461538461538461 0.14423076923076922 0.11778846153846154