10 0.2548076923076923 0.20192307692307693 0.3389423076923077 0.2644230769230769
10 0.24759615384615385 0.42908653846153844 0.44711538461538464 0.15144230769230768
10 0.7752403846153846 0.5120192307692307 0.30528846153846156 0.24278846153846154
10 0.5204326923076923 0.5841346153846154 0.1971153846153846 0.25961538461538464
10 0.6850961538461539 0.7644230769230769 0.3918269230769231 0.18990384615384615
10 0.7463942307692307 0.8341346153846154 0.3918269230769231 0.12259615384615384
10 0.2800480769230769 0.6682692307692307 0.2692307692307692 0.21394230769230768
10 0.20552884615384615 0.7319711538461539 0.33413461538461536 0.14423076923076922
10 0.2512019230769231 0.8257211538461539 0.375 0.12259615384615384
10 0.578125 0.18990384615384615 0.19951923076923078 0.34615384615384615
10 0.6706730769230769 0.234375 0.34375 0.24759615384615385
10 0.734375 0.27884615384615385 0.3942307692307692 0.16346153846153846