18 0.484375 0.47836538461538464 0.22115384615384615 0.34375
18 0.3125 0.6021634615384616 0.2860576923076923 0.20432692307692307
18 0.6105769230769231 0.6009615384615384 0.2644230769230769 0.21394230769230768
18 0.20072115384615385 0.7163461538461539 0.34375 0.17307692307692307
18 0.2848557692307692 0.8533653846153846 0.23076923076923078 0.1658653846153846
18 0.23076923076923078 0.25240384615384615 0.19951923076923078 0.25240384615384615
18 0.2764423076923077 0.10697115384615384 0.2644230769230769 0.15384615384615385
18 0.13581730769230768 0.18990384615384615 0.125 0.21634615384615385
18 0.6622596153846154 0.10817307692307693 0.28365384615384615 0.17548076923076922
18 0.6983173076923077 0.2860576923076923 0.16105769230769232 0.25
18 0.8461538461538461 0.15144230769230768 0.15865384615384615 0.19471153846153846
18 0.6983173076923077 0.8725961538461539 0.25240384615384615 0.17548076923076922
18 0.7151442307692307 0.6586538461538461 0.19471153846153846 0.3173076923076923