18 0.3125 0.6442307692307693 0.22355769230769232 0.30528846153846156
18 0.3389423076923077 0.40865384615384615 0.18269230769230768 0.20673076923076922
18 0.4987980769230769 0.6057692307692307 0.17307692307692307 0.3004807692307692
18 0.7980769230769231 0.2848557692307692 0.27163461538461536 0.25961538461538464
18 0.5649038461538461 0.30528846153846156 0.2283653846153846 0.23798076923076922
18 0.7271634615384616 0.109375 0.21634615384615385 0.21875
18 0.9074519230769231 0.42908653846153844 0.17067307692307693 0.19471153846153846
18 0.8521634615384616 0.5865384615384616 0.17307692307692307 0.19230769230769232
18 0.7764423076923077 0.44471153846153844 0.12980769230769232 0.13701923076923078
18 0.41466346153846156 0.8798076923076923 0.21875 0.23798076923076922
18 0.18870192307692307 0.8990384615384616 0.16826923076923078 0.19951923076923078
18 0.1778846153846154 0.734375 0.14903846153846154 0.16826923076923078
18 0.30408653846153844 0.8533653846153846 0.14423076923076922 0.18990384615384615
18 0.5528846153846154 0.8317307692307693 0.21153846153846154 0.31490384615384615