21 0.32211538461538464 0.9266826923076923 0.28125 0.11778846153846154
21 0.625 0.8209134615384616 0.1346153846153846 0.14182692307692307
21 0.3918269230769231 0.49399038461538464 0.11298076923076923 0.1971153846153846
21 0.8257211538461539 0.3485576923076923 0.20673076923076922 0.10817307692307693
21 0.6862980769230769 0.46033653846153844 0.11778846153846154 0.18269230769230768
21 0.6358173076923077 0.3762019230769231 0.11298076923076923 0.11057692307692307
21 0.7355769230769231 0.27163461538461536 0.14423076923076922 0.07451923076923077
21 0.22956730769230768 0.3112980769230769 0.13221153846153846 0.10336538461538461
21 0.3293269230769231 0.3894230769230769 0.15625 0.25961538461538464
21 0.5480769230769231 0.4579326923076923 0.14423076923076922 0.22596153846153846
21 0.5360576923076923 0.5901442307692307 0.1658653846153846 0.12259615384615384
21 0.38100961538461536 0.7524038461538461 0.2692307692307692 0.21394230769230768
21 0.9074519230769231 0.6875 0.18028846153846154 0.25721153846153844
21 0.7764423076923077 0.8485576923076923 0.2548076923076923 0.25961538461538464