23 0.5432692307692307 0.6201923076923077 0.1971153846153846 0.4110576923076923
23 0.8161057692307693 0.25961538461538464 0.13221153846153846 0.20192307692307693
23 0.8677884615384616 0.5240384615384616 0.1778846153846154 0.23317307692307693
23 0.75 0.6153846153846154 0.17307692307692307 0.28846153846153844
23 0.6766826923076923 0.49399038461538464 0.08173076923076923 0.12980769230769232
23 0.6935096153846154 0.3161057692307692 0.0889423076923077 0.17307692307692307
23 0.5384615384615384 0.19110576923076922 0.27163461538461536 0.34134615384615385
23 0.48677884615384615 0.48197115384615385 0.11057692307692307 0.19230769230769232
23 0.38341346153846156 0.49278846153846156 0.14903846153846154 0.23557692307692307
23 0.22115384615384615 0.4074519230769231 0.3557692307692308 0.3269230769230769
23 0.3954326923076923 0.29086538461538464 0.14423076923076922 0.14182692307692307