21 0.7752403846153846 0.8725961538461539 0.17548076923076922 0.18509615384615385
21 0.6694711538461539 0.3293269230769231 0.0625 0.07932692307692307
21 0.6358173076923077 0.36778846153846156 0.0889423076923077 0.07932692307692307
21 0.6262019230769231 0.16466346153846154 0.3076923076923077 0.14903846153846154
21 0.21754807692307693 0.18629807692307693 0.42788461538461536 0.2091346153846154
21 0.12740384615384615 0.6466346153846154 0.25240384615384615 0.6298076923076923
21 0.27524038461538464 0.5096153846153846 0.1971153846153846 0.23317307692307693
21 0.5072115384615384 0.4387019230769231 0.1201923076923077 0.125
21 0.40625 0.4074519230769231 0.11298076923076923 0.16105769230769232
21 0.4963942307692308 0.6670673076923077 0.1466346153846154 0.2283653846153846
21 0.7319711538461539 0.6298076923076923 0.19230769230769232 0.11538461538461539
21 0.8557692307692307 0.7211538461538461 0.28846153846153844 0.14182692307692307
21 0.65625 0.8088942307692307 0.1658653846153846 0.21634615384615385