23 0.7584134615384616 0.4495192307692308 0.07932692307692307 0.15384615384615385
23 0.2608173076923077 0.3798076923076923 0.0985576923076923 0.09615384615384616
23 0.34615384615384615 0.7091346153846154 0.06490384615384616 0.14182692307692307
23 0.8497596153846154 0.23317307692307693 0.07692307692307693 0.16346153846153846
23 0.7115384615384616 0.13581730769230768 0.14903846153846154 0.08653846153846154
23 0.41586538461538464 0.16346153846153846 0.12980769230769232 0.08173076923076923
23 0.359375 0.2548076923076923 0.0889423076923077 0.11778846153846154
23 0.6959134615384616 0.6334134615384616 0.057692307692307696 0.1201923076923077
23 0.6310096153846154 0.6586538461538461 0.0889423076923077 0.125
23 0.5817307692307693 0.32091346153846156 0.06971153846153846 0.12980769230769232
23 0.5252403846153846 0.32211538461538464 0.07692307692307693 0.14423076923076922
23 0.6995192307692307 0.3004807692307692 0.11778846153846154 0.1875