21 0.6526442307692307 0.7139423076923077 0.06009615384615385 0.1201923076923077
21 0.8557692307692307 0.4206730769230769 0.11778846153846154 0.14182692307692307
21 0.7247596153846154 0.5072115384615384 0.13221153846153846 0.12259615384615384
21 0.43509615384615385 0.7139423076923077 0.07451923076923077 0.09134615384615384
21 0.4963942307692308 0.6322115384615384 0.09134615384615384 0.10576923076923077
21 0.5288461538461539 0.6021634615384616 0.0625 0.11298076923076923
21 0.4098557692307692 0.5372596153846154 0.052884615384615384 0.08173076923076923
21 0.43028846153846156 0.4423076923076923 0.12740384615384615 0.11778846153846154
21 0.25841346153846156 0.6129807692307693 0.08413461538461539 0.16346153846153846
21 0.17427884615384615 0.5805288461538461 0.09375 0.1201923076923077
21 0.13701923076923078 0.49158653846153844 0.1466346153846154 0.125
21 0.7007211538461539 0.7151442307692307 0.06009615384615385 0.0985576923076923
21 0.6838942307692307 0.6201923076923077 0.0625 0.13942307692307693
21 0.7956730769230769 0.5985576923076923 0.10817307692307693 0.10576923076923077