21 0.3425480769230769 0.8317307692307693 0.12980769230769232 0.18269230769230768
21 0.5829326923076923 0.47596153846153844 0.0985576923076923 0.055288461538461536
21 0.7283653846153846 0.6346153846153846 0.052884615384615384 0.057692307692307696
21 0.5649038461538461 0.3485576923076923 0.10576923076923077 0.13942307692307693
21 0.23317307692307693 0.41346153846153844 0.23557692307692307 0.1466346153846154
21 0.3954326923076923 0.24278846153846154 0.17548076923076922 0.16105769230769232
21 0.5564903846153846 0.15264423076923078 0.07451923076923077 0.14903846153846154
21 0.4483173076923077 0.4807692307692308 0.11298076923076923 0.10096153846153846
21 0.6538461538461539 0.7668269230769231 0.11298076923076923 0.09134615384615384
21 0.6490384615384616 0.6334134615384616 0.08413461538461539 0.055288461538461536
21 0.36778846153846156 0.6009615384615384 0.04807692307692308 0.0625
21 0.28846153846153844 0.6862980769230769 0.0889423076923077 0.10096153846153846