5 0.29927884615384615 0.6478365384615384 0.2668269230769231 0.25240384615384615
5 0.38221153846153844 0.7572115384615384 0.17307692307692307 0.3269230769230769
5 0.5841346153846154 0.6334134615384616 0.28846153846153844 0.25240384615384615
5 0.7043269230769231 0.4483173076923077 0.14423076923076922 0.2403846153846154
5 0.8713942307692307 0.39663461538461536 0.2548076923076923 0.23076923076923078
5 0.6117788461538461 0.38221153846153844 0.2668269230769231 0.22355769230769232
5 0.3942307692307692 0.3942307692307692 0.1658653846153846 0.28846153846153844
5 0.3425480769230769 0.19831730769230768 0.18028846153846154 0.27403846153846156
5 0.14543269230769232 0.0625 0.24519230769230768 0.12259615384615384
5 0.16947115384615385 0.4831730769230769 0.15625 0.2956730769230769
5 0.0733173076923077 0.7283653846153846 0.14423076923076922 0.1778846153846154
5 0.15625 0.8100961538461539 0.15144230769230768 0.32211538461538464
5 0.8954326923076923 0.24519230769230768 0.13221153846153846 0.22115384615384615
5 0.6370192307692307 0.25240384615384615 0.19230769230769232 0.15144230769230768
5 0.5348557692307693 0.09375 0.21153846153846154 0.1466346153846154