5 0.21394230769230768 0.6105769230769231 0.33413461538461536 0.38221153846153844
5 0.39783653846153844 0.7235576923076923 0.3125 0.19951923076923078
5 0.5240384615384616 0.5949519230769231 0.22355769230769232 0.2283653846153846
5 0.6454326923076923 0.7668269230769231 0.2548076923076923 0.19471153846153846
5 0.8521634615384616 0.7536057692307693 0.21153846153846154 0.23317307692307693
5 0.5396634615384616 0.8882211538461539 0.12259615384615384 0.22115384615384615
5 0.31490384615384615 0.8870192307692307 0.15625 0.21875
5 0.1310096153846154 0.9194711538461539 0.19471153846153846 0.15865384615384615
5 0.15745192307692307 0.20072115384615385 0.18028846153846154 0.10096153846153846
5 0.27524038461538464 0.32091346153846156 0.10336538461538461 0.3125
5 0.3605769230769231 0.3425480769230769 0.07692307692307693 0.22115384615384615
5 0.5432692307692307 0.22235576923076922 0.14903846153846154 0.1875
5 0.5973557692307693 0.3076923076923077 0.23076923076923078 0.20673076923076922
5 0.8810096153846154 0.4338942307692308 0.14182692307692307 0.3317307692307692
5 0.7800480769230769 0.04807692307692308 0.22596153846153846 0.09375