4 0.6105769230769231 0.3641826923076923 0.11538461538461539 0.19230769230769232
4 0.7175480769230769 0.7295673076923077 0.10817307692307693 0.23317307692307693
4 0.43509615384615385 0.7163461538461539 0.11057692307692307 0.1875
4 0.4735576923076923 0.5444711538461539 0.13221153846153846 0.11778846153846154
4 0.4074519230769231 0.3918269230769231 0.10096153846153846 0.14423076923076922
4 0.23918269230769232 0.24879807692307693 0.06971153846153846 0.13942307692307693
4 0.29927884615384615 0.7211538461538461 0.10817307692307693 0.19951923076923078
4 0.5252403846153846 0.35336538461538464 0.07451923076923077 0.15625
4 0.8713942307692307 0.4014423076923077 0.09615384615384616 0.12740384615384615
4 0.7848557692307693 0.40865384615384615 0.09134615384615384 0.14903846153846154
4 0.9278846153846154 0.6454326923076923 0.09134615384615384 0.14903846153846154
4 0.8942307692307693 0.8112980769230769 0.11778846153846154 0.17548076923076922